{
    "accuracy": 0.6533491757017674,
    "balanced_accuracy": 0.6496762643750924,
    "mcc": 0.30195963370120643,
    "roc_auc": 0.7206361208034557,
    "f1": 0.6851052347544523,
    "precision": 0.6596518576253573,
    "recall": 0.7126017401066517
}