{
    "Accuracy": 0.6453289766820139,
    "BalancedAccuracy": 0.6394539567638302,
    "AUC": 0.7040093990903706,
    "MCC": 0.2852669998068202,
    "F1": 0.6883320281910729,
    "Precision": 0.6433276408880215,
    "Recall": 0.7401066516980073
}