{
    "accuracy": 0.5828617623282134,
    "balanced_accuracy": 0.5693366945013392,
    "mcc": 0.15188127332581608,
    "roc_auc": 0.613649178089386,
    "f1": 0.6635367762128326,
    "precision": 0.5824175824175825,
    "recall": 0.7709090909090909
}{
    "accuracy": 0.5234761120263591,
    "balanced_accuracy": 0.5,
    "mcc": 0.0,
    "roc_auc": 0.576215517083099,
    "f1": 0.687212760205461,
    "precision": 0.5234761120263591,
    "recall": 1.0
}