{
    "Accuracy": 0.5784963621665319,
    "BalancedAccuracy": 0.561082926316895,
    "AUC": 0.6163347513260858,
    "MCC": 0.14344884308138034,
    "F1": 0.6750592047862395,
    "Precision": 0.5733643870421342,
    "Recall": 0.8206060606060606
}{
    "Accuracy": 0.5556013179571664,
    "BalancedAccuracy": 0.5425453929728189,
    "AUC": 0.581025971968254,
    "MCC": 0.10260331060245573,
    "F1": 0.659083728278041,
    "Precision": 0.5506863780359028,
    "Recall": 0.8206136900078678
}