{
    "Accuracy": 0.6494875983959602,
    "BalancedAccuracy": 0.6437659753991027,
    "AUC": 0.7034411684762159,
    "MCC": 0.2937724236463724,
    "F1": 0.6913418781061994,
    "Precision": 0.6473181484202792,
    "Recall": 0.7417906258770699
}