{
    "accuracy": 0.6543888311302539,
    "balanced_accuracy": 0.6479097736905153,
    "mcc": 0.3041497553130206,
    "roc_auc": 0.750695635390373,
    "f1": 0.6991596638655462,
    "precision": 0.6481303930968361,
    "recall": 0.7589110300308729
}